case:concept:name,pred_outcome,pred_sigmoid_mm_time,pred_uncertainty
201810001660,,,
201810002650,,,
201810006512,0.42433706503973917,0.24901414878618422,0.08317530308282177
201810008108,,,
201810008268,0.3129429827564141,0.24228004701558567,0.17694396588725014
201810008485,,,
201810008899,,,
20181000902,,,
201810010740,0.8815530515478457,0.17708195058898776,0.13022432764910297
201810011081,0.8923004213704139,0.1754719617051595,0.1257077324322433
201810011583,0.8483521154035882,0.15334424581001432,0.10576618037888272
20181012611,,,
20181013679,0.4243651997148761,0.3144856055536234,0.18667824824509585
201811000205,,,
201811001580,0.8337329661513281,0.15880843659138838,0.10911959089462898
201811001889,0.8772258084160363,0.1593749874484221,0.11115961779400998
201811002881,0.7923908099758739,0.20685713330704186,0.1361419826259951
201811003327,,,
201811003911,0.8362638356843854,0.17639524666185336,0.06741554615440906
201811004163,0.8345594892270468,0.20175699466841596,0.14411599214865536
201811004205,0.7807733960035019,0.16187948024977225,0.05745702996492804
201811004338,,,
201811005226,0.7564392663993172,0.20367249621593658,0.13964056463467495
201811005422,,,
201811005747,,,
201811005954,0.8378943169363798,0.20685713330704186,0.1361419826259951
201811006467,,,
201811006674,0.27733193539866885,0.3382534640965543,0.19916024365721946
201811006982,,,
201811007401,0.3337825900094607,0.3417792773652686,0.2057117425974398
201811008100,0.8426870321892092,0.18855815123544695,0.14498977768215682
201811008330,,,
201811008338,0.3122082416333347,0.3382534640965543,0.19916024365721946
201811008394,,,
201811008598,,,
201811008631,0.8180030780160045,0.2137662946755118,0.16117412413620108
201811008634,,,
201811009132,,,
201811009434,,,
201811009590,,,
201811009800,0.8075309370560475,0.16145604188797538,0.11917267738061867
201811010119,,,
201811010142,,,
201811010681,,,
201811010732,,,
201811011699,0.8938693977918867,0.22094444918888734,0.16827140655098904
201811011715,0.9086973154993483,0.17427585189440106,0.12574834824387096
201811011742,0.7492013643535324,0.1734083293431503,0.06624914675349555
201811011907,,,
201811011916,0.7842334220262185,0.22374948090507624,0.14873487393588788
201812000179,,,
201812000181,,,
201812000186,,,
201812000605,0.8592360250085671,0.20555481681615398,0.07906681884964532
201812000606,,,
201812000900,,,
201812002344,0.6259025097512702,0.321175687221509,0.18511533188922596
201812002552,,,
201812002630,0.6358170943664819,0.38894894206248637,0.21036302443070276
201812002677,0.8109425238301691,0.17290313299136753,0.06709959174493303
201812002837,,,
201812002893,0.9092391812162255,0.25643347323581345,0.18854455343980409
201812003039,,,
201812003088,,,
201812003287,,,
201812004065,,,
201812004155,,,
201812004198,,,
201812004271,0.8035537031418333,0.17443657603533747,0.06533560173955501
201812004422,,,
201812004433,0.875684728037898,0.20826369868118902,0.15808321773010092
201812004478,0.9006005010684689,0.24238507165317952,0.18822632190836316
201812004552,0.7188773735251405,0.1856498869431814,0.07156247977351174
201812004625,,,
201812004772,,,
201812004817,,,
201812004871,,,
201812004921,,,
201812005259,0.7539312647834754,0.20372049288703886,0.0839742296319857
201812005350,,,
201812005402,0.703519189456653,0.1980900407081747,0.1419909213474516
201812005434,0.8091749209943835,0.21546977436938958,0.08927252179965342
201812005461,0.7409963579205858,0.17939045043327423,0.11843367259481115
201812005659,,,
201812005779,,,
201812005853,,,
201812005862,,,
201812005898,,,
201812006094,,,
201812006124,,,
201812006485,,,
201812006628,,,
201812006707,,,
201812006755,,,
201812006820,,,
201812006824,0.8293165286779229,0.1798301274332281,0.13241221840793974
201812007245,,,
201812007280,,,
201812007319,,,
201812007397,,,
201812007439,,,
201812007654,,,
201812007664,,,
201812007718,,,
201812007723,0.7610291448130446,0.19759740209782056,0.14142045243821974
201812007727,,,
201812007780,,,
201812007788,,,
201812007839,0.8109425238301691,0.17290313299136753,0.06709959174493303
201812007853,,,
201812008090,,,
201812008149,,,
201812008346,,,
201812008642,0.7695000631575798,0.1905667349493384,0.15062446726166032
201812008657,,,
201812008694,0.6692433847151239,0.18371734234522002,0.1303145811745495
201812008702,,,
201812008708,,,
201812008800,,,
201812008953,,,
201812009363,,,
201812009485,,,
201812009515,0.7647363871574676,0.17434257168097428,0.07128701064102029
201812009556,0.8733660608935924,0.18449203171495526,0.13526813419832728
201812009573,,,
201812009645,,,
201812009682,,,
201812009703,,,
201812009725,,,
201812009750,0.7158868624709398,0.1625510993859069,0.11225909794369143
201812009753,0.8261426393907882,0.18880745882746777,0.14495689437230602
20182005961,,,
20182009106,,,
20183007131,,,
20184001796,0.7610291448130446,0.19759740209782056,0.14142045243821974
20185003342,,,
20186002647,,,
20186005840,0.7874985550266619,0.20769250090718286,0.1433454833141451
20186007767,0.8040471506441493,0.20008237695408412,0.08132690920825249
20187001795,,,
20187002397,,,
20187003190,,,
20187003641,0.9000472625818772,0.23976768841247514,0.17641891175713328
20187006392,,,
20187006846,0.7391320777049629,0.16187948024977225,0.05745702996492804
20187007250,,,
20187010782,0.7704420393180339,0.17677204395699048,0.07194057893793387
20188002087,0.7264010233923818,0.1677898932513937,0.05990831448271276
20188002441,0.7494628463558322,0.17789482015713806,0.06897176769338831
20188002645,0.6318082969248047,0.386119436589776,0.20969687648731392
20188005486,0.8905343785845917,0.22567051333329152,0.15495637254034617
20189001829,,,
20189003084,0.7351769298289051,0.1835863019836531,0.06724998350208031
20189003486,0.9104158464220673,0.22230719369024132,0.17172118320736038
20189004803,0.8857254989435743,0.17942382916551608,0.1351851398422251
20189006540,,,
20189007102,0.8893212790983969,0.18449203171495526,0.13526813419832728
20189007821,0.8953684403435461,0.25643347323581345,0.18854455343980409
20189007982,,,
20189008206,,,
20189009645,,,
20191000037,,,
20191000127,,,
20191000242,0.8196531531325524,0.21051529078527473,0.16394911634507614
20191000255,,,
20191000260,,,
20191000269,,,
20191000366,,,
20191000380,,,
20191000382,,,
20191000433,,,
20191000490,,,
20191000535,,,
20191000546,0.7671401988714831,0.1710539232292959,0.06217735121727918
20191000553,,,
20191000568,0.8354109467193122,0.18245183391181213,0.0711628469460644
20191000676,0.7518261052244745,0.1739481327505652,0.07119726315801729
20191000751,0.7585211534237128,0.17090821227765654,0.11722005793064993
20191000782,,,
20191000845,,,
20191000920,,,
20191000928,,,
20191000957,,,
20191001061,0.6197203397109307,0.21408013770711826,0.15280299608459777
20191001073,,,
20191001178,,,
20191001209,,,
20191001270,,,
20191001457,,,
20191001560,,,
20191001584,,,
20191001595,0.8506271090150359,0.1829846459262366,0.0634803470468041
20191001604,,,
20191001611,,,
20191001699,0.8748611742035229,0.20271405395600328,0.16296576801698254
20191001826,,,
20191001846,,,
20191001877,0.8118884240192071,0.1707458992151547,0.06610558002730539
20191001909,,,
20191001991,,,
20191001992,0.4535880161141692,0.34957872493497083,0.1915595139727625
20191002027,0.7644200893901797,0.17434257168097428,0.07128701064102029
20191002029,,,
20191002074,,,
20191002078,,,
20191002091,,,
20191002111,0.8279299274294375,0.18096207903570888,0.07111010677492255
20191002163,,,
20191002211,0.883251806288616,0.21427809585538365,0.1642928688298531
20191002216,0.8064121555827025,0.16513181443662753,0.12342944044728153
20191002277,,,
20191002297,0.8373344346424575,0.20685713330704186,0.1361419826259951
20191002394,,,
20191002483,0.8314259641320209,0.23256913864021994,0.1763059427069892
20191002503,0.7756423841584812,0.18896891781197078,0.07859744581186576
20191002511,,,
20191002521,,,
20191002534,,,
20191002537,,,
20191002706,,,
20191002742,,,
20191002745,,,
20191002751,,,
20191002759,,,
20191002920,0.8184374406644891,0.16743423365007948,0.12723719729989072
20191002939,0.7428444407958664,0.17934309194836554,0.0747996321620357
20191002953,,,
20191002956,0.9156822176344436,0.25643347323581345,0.18854455343980409
20191002981,,,
20191003000,0.8699615904539878,0.17942382916551608,0.1351851398422251
20191003019,0.861208721482061,0.17240470282658868,0.12192759808422805
20191003043,0.767272960142078,0.19724161443368426,0.15891009172547757
20191003077,,,
20191003263,,,
20191003312,,,
20191003315,,,
20191003440,0.8732853378706039,0.18449203171495526,0.13526813419832728
20191003465,,,
20191003502,0.8168765462560775,0.17183823290717926,0.06533984498693456
20191003540,,,
20191003568,,,
20191003594,,,
20191003680,,,
20191003699,,,
20191003724,,,
20191003755,,,
20191003756,,,
20191003759,,,
20191003785,0.4678984153009767,0.30667318981877156,0.18185939778338042
20191003861,,,
20191003909,,,
20191003938,,,
20191004011,0.6779820356452941,0.21957822803084082,0.16483099232475237
20191004025,,,
20191004038,,,
20191004043,0.8584381329651398,0.20103203751632606,0.14465448015380641
20191004048,,,
20191004109,0.7913451463141731,0.07069834498128597,0.06672725341489297
20191004146,,,
20191004208,,,
20191004220,,,
20191004224,0.6709443601080199,0.22789466679760803,0.17974856568216718
20191004227,,,
20191004251,0.5381926446528721,0.28020593006003086,0.15687486117792923
20191004267,,,
20191004286,,,
20191004364,0.6370639628040604,0.17321398198466276,0.12055770585823088
20191004374,,,
20191004402,,,
20191004432,,,
20191004440,,,
20191004500,,,
20191004550,,,
20191004556,0.6389709460018324,0.17163059048796953,0.11950247505834735
20191004566,0.8709803089818682,0.20757738370668166,0.07058334360752677
20191004680,,,
20191004710,,,
20191004805,,,
20191004843,0.8367147883006328,0.17833327687837805,0.062122934387172875
20191004854,,,
20191004869,,,
20191004891,,,
20191004909,,,
20191004957,,,
20191004983,0.3711116359249685,0.3417792773652686,0.2057117425974398
20191005120,,,
20191005134,,,
20191005248,,,
20191005294,,,
20191005303,,,
20191005314,,,
20191005347,,,
20191005360,,,
20191005375,,,
20191005395,,,
20191005409,0.023506534827227452,0.19484508604723866,0.15478610565301948
20191005427,,,
20191005428,0.9022890556767883,0.17843544446499646,0.1281451703468204
20191005462,,,
20191005480,,,
20191005537,,,
20191005557,,,
20191005567,,,
20191005632,,,
20191005637,0.8154956338507792,0.1984168002553548,0.1470145473898176
20191005681,,,
20191005698,0.89690228164308,0.18713445693600994,0.14119080857599148
20191005733,0.004431834372383167,0.21197454905252408,0.1547836918558691
20191005769,0.8977968464289418,0.22081743881413807,0.17159391729572676
20191005838,0.7972111387088563,0.187599514186533,0.1319629025127683
20191005903,,,
20191005922,,,
20191005924,,,
20191005966,0.8418644596268648,0.19330852013257077,0.13702377949915032
20191006023,,,
20191006058,,,
20191006064,,,
20191006077,,,
20191006078,0.8278978661488792,0.23976768841247514,0.17641891175713328
20191006098,0.9156822176344436,0.25643347323581345,0.18854455343980409
20191006110,,,
20191006142,0.5785909973750966,0.32097879652523975,0.1913884276055293
20191006145,0.7688387165471565,0.17528228908088722,0.07188726237447339
20191006188,,,
20191006203,0.8912251528884982,0.17843544446499646,0.1281451703468204
20191006207,,,
20191006210,0.880740209765062,0.17972254922121533,0.1470929412353726
20191006217,0.852539322332295,0.08489796200384453,0.09787897974994782
20191006233,0.36700276343619476,0.27482845583472915,0.10351639401233738
20191006273,,,
20191006292,,,
20191006301,,,
20191006309,,,
20191006333,0.8624437824722871,0.16187569546995922,0.11250263722756183
20191006358,,,
20191006382,,,
20191006394,0.6068425451612566,0.16278491688998062,0.047415121750231576
20191006436,,,
20191006502,0.7685164422607283,0.19097012274211994,0.14206494747319143
20191006520,,,
20191006539,0.7763020809823573,0.17385527891753166,0.0703746439673121
20191006585,0.8467298419881992,0.16187569546995922,0.11250263722756183
20191006608,,,
20191006655,0.43173446255147835,0.31454888296208505,0.10036618464159643
20191006661,,,
20191006747,0.5032735168856579,0.3100813722385359,0.1825691887775128
20191006756,,,
20191006771,0.7937572574359733,0.17467383423730296,0.11606080665211213
20191006784,0.922408518310449,0.21899972704863596,0.1698173158035139
20191006788,0.4600685018103419,0.31388986691049414,0.09862119964788506
20191006789,,,
20191006870,,,
20191006871,,,
20191006880,0.9006179311354388,0.18142477283638442,0.13120051074842823
20191006886,,,
20191006920,0.8032343130730628,0.2390433055645152,0.19029910259602073
20191006922,,,
20191006956,,,
20191006987,0.843964667727451,0.15444705694436905,0.10593742812613899
20191007056,0.3559386150469541,0.2892821704129395,0.15464005484235913
20191007068,,,
20191007079,0.917636895934723,0.18110165737426204,0.12621566887195215
20191007149,,,
20191007166,,,
20191007291,,,
20191007305,,,
20191007344,,,
20191007413,,,
20191007453,,,
20191007463,,,
20191007469,,,
20191007472,0.8390112966568399,0.18245183391181213,0.0711628469460644
20191007481,0.7913572471422406,0.18697347053456792,0.14549095932880446
20191007501,,,
20191007510,0.9221412762228459,0.21427809585538365,0.1642928688298531
20191007558,,,
20191007560,0.8003440523609362,0.16843215867935285,0.06837014097088603
20191007564,,,
20191007570,,,
20191007587,,,
20191007597,,,
20191007623,,,
20191007651,,,
20191007666,,,
20191007668,,,
20191007674,,,
20191007718,,,
20191007810,,,
20191007859,0.8373691463991679,0.17639524666185336,0.06741554615440906
20191007866,,,
20191007873,,,
20191007894,,,
20191007895,,,
20191007901,,,
20191007903,0.798671160189596,0.18245183391181213,0.0711628469460644
20191007908,,,
20191007911,,,
20191007912,0.7833520157131049,0.17677204395699048,0.07194057893793387
20191007948,,,
20191007964,,,
20191007970,,,
20191007975,,,
20191007993,,,
20191008000,0.886002531564849,0.192994873229622,0.12002550720538355
20191008019,,,
20191008041,,,
20191008066,0.9001500792130582,0.1709137357496876,0.11468437127708378
20191008071,0.8200505355023678,0.17227668962841927,0.058851658276122286
20191008074,,,
20191008076,,,
20191008079,0.8200464699433037,0.17227668962841927,0.058851658276122286
20191008080,0.8968540629407404,0.16624421372160592,0.11402148979192339
20191008096,,,
20191008111,,,
20191008116,0.8848915007476632,0.23976768841247514,0.17641891175713328
20191008140,0.7527295313802658,0.18952958941026926,0.15454115871310944
20191008155,,,
20191008169,,,
20191008273,,,
20191008283,,,
20191008295,,,
20191008323,0.8506271090150359,0.1829846459262366,0.0634803470468041
20191008334,0.7759708633786073,0.19643207095481058,0.1506582136914918
20191008335,,,
20191008349,,,
20191008358,,,
20191008359,0.766157202464112,0.08207936981624314,0.11600208327521115
20191008362,,,
20191008363,0.7483588193826415,0.19270715401689414,0.15867708636778857
20191008378,,,
20191008380,0.8072652186256797,0.20685713330704186,0.1361419826259951
20191008388,,,
20191008393,,,
20191008402,,,
20191008415,0.8769107875124583,0.1515249316881235,0.11583488882218503
20191008420,,,
20191008442,,,
20191008443,,,
20191008445,,,
20191008446,,,
20191008454,,,
20191008456,,,
20191008469,,,
20191008473,,,
20191008481,,,
20191008500,0.9040017335006709,0.21246038408988155,0.1625918589075724
20191008537,,,
20191008564,,,
20191008566,0.9060804425029898,0.22089573392195352,0.1504159577110676
20191008612,,,
20191008645,0.7046785680068626,0.1683665418289967,0.11579528037004812
20191008646,,,
20191008668,0.3359284287281919,0.2963143750980486,0.15972719799454918
20191008691,,,
20191008693,,,
20191008720,0.843395881899665,0.17111058205814017,0.12204182365658205
20191008742,0.7868737196379276,0.2425971938851855,0.17697934497488324
20191008751,,,
20191008755,0.7681374208459408,0.20968663877975222,0.1365744673785311
20191008774,0.7009603807357334,0.19231699153586146,0.13617062371859096
20191008797,,,
20191008808,,,
20191008812,0.7203914483701142,0.191666684397914,0.15847567588513525
20191008816,,,
20191008827,0.48136471959421345,0.16819573582752056,0.12154115792871942
20191008833,,,
20191008838,,,
20191008840,,,
20191008846,0.8123059716368994,0.17539726826301322,0.06755001519583889
20191008862,0.7439899692858418,0.1693678147446886,0.13522142517010818
20191008891,0.8098533678003752,0.16642172600100913,0.14227147164070425
20191008913,0.8123035656597138,0.16187569546995922,0.11250263722756183
20191008924,0.8219204330894369,0.1743596073280971,0.12955138278568873
20191008932,,,
20191008940,,,
20191008960,0.9083776104779947,0.18107064721092675,0.13946900332673565
20191008965,,,
20191008973,0.8332350180498316,0.16220449292113245,0.11151274060643228
20191008981,,,
20191008983,,,
20191008985,0.8187923304670769,0.17774432579110014,0.14497559500901827
20191008989,0.8393101860075349,0.20968663877975222,0.1365744673785311
20191008994,,,
20191008995,,,
20191009007,,,
20191009021,0.7925282538110218,0.18360450425676356,0.07422364131049396
20191009058,,,
20191009071,,,
20191009078,0.8784557311142726,0.16220449292113245,0.11151274060643228
20191009080,0.5137082340686381,0.30480077919174997,0.09822309000545858
20191009081,,,
20191009087,,,
20191009105,,,
20191009106,,,
20191009120,,,
20191009140,0.8678756075016838,0.21881827480499794,0.1705820038616139
20191009168,0.4270658019627925,0.32737961075795935,0.10069084194882941
20191009183,0.8722533993561425,0.18713445693600994,0.14119080857599148
20191009224,0.7698768154615456,0.19349666274838428,0.07955301632669398
20191009239,,,
20191009269,,,
20191009273,,,
20191009284,,,
20191009285,0.8106518797360347,0.1795568608336086,0.06883754995662926
20191009303,0.07437025247029821,0.15612164715983087,0.09900398122642305
20191009316,,,
20191009322,0.8963022699821372,0.18449203171495526,0.13526813419832728
20191009331,,,
20191009378,,,
20191009379,0.8637501564040309,0.2268506614886014,0.15705698193115433
20191009382,,,
20191009391,,,
20191009423,,,
20191009426,0.8681114092527552,0.22414493469262925,0.1721307356890847
20191009436,,,
20191009437,0.5042028555501443,0.3113711987595845,0.07604266921230629
20191009442,,,
20191009443,,,
20191009445,,,
20191009465,,,
20191009485,,,
20191009496,,,
20191009505,0.8606113091344696,0.22567051333329152,0.15495637254034617
20191009519,,,
20191009524,0.021869549613711098,0.19997538339250875,0.16343313916192856
20191009525,,,
20191009535,0.9042363554827021,0.21899972704863596,0.1698173158035139
20191009542,,,
20191009581,,,
20191009585,,,
20191009592,,,
20191009599,0.8642463862979403,0.16103769909307844,0.12432334788183451
20191009616,,,
20191009626,,,
20191009630,,,
20191009638,,,
20191009677,,,
20191009680,,,
20191009681,0.8637501564040309,0.2268506614886014,0.15705698193115433
20191009686,,,
20191009711,,,
20191009713,0.8079281043130865,0.18952748111611029,0.07595927666630649
20191009721,0.7400185585461224,0.19018860546186012,0.15727558096540392
20191009722,,,
20191009727,,,
20191009734,0.7703749597000072,0.17275642109900924,0.06850995935936598
20191009739,,,
20191009759,0.8684400841858436,0.16802482810650526,0.1361311634314315
20191009788,,,
20191009789,,,
20191009797,,,
20191009815,,,
20191009817,0.7100728479640965,0.3287396389278363,0.1896401408517404
20191009819,0.9150050632004367,0.21899972704863596,0.1698173158035139
20191009830,,,
20191009831,,,
20191009836,,,
20191009841,,,
20191009850,0.8412656268279313,0.16187569546995922,0.11250263722756183
20191009868,,,
20191009939,0.8138586664384264,0.17794554246161762,0.07382832780518303
20191009945,,,
20191009948,,,
20191009969,,,
20191009973,0.799504670911755,0.17528228908088722,0.07188726237447339
20191009979,0.8197739223121009,0.17635618158515254,0.07272773203046497
20191009982,,,
20191009984,,,
20191010024,0.7912588631662192,0.23962846076399416,0.18002674023842447
20191010030,,,
20191010039,,,
20191010046,,,
20191010048,0.6189165579720016,0.20676743432488534,0.07505746858721593
20191010053,0.6174345751112598,0.19712064870963242,0.06825310172679858
20191010054,,,
20191010056,,,
20191010059,,,
20191010079,,,
20191010088,,,
20191010116,0.8031095041454334,0.18400935218670084,0.07473977048654316
20191010121,0.5614032823083259,0.3662769354523147,0.20708438696405893
20191010124,,,
20191010126,0.7690245051794088,0.18015588942614308,0.11420932199876456
20191010151,,,
20191010155,,,
20191010159,0.9139450172471687,0.22081743881413807,0.17159391729572676
20191010179,,,
20191010185,,,
20191010206,,,
20191010208,0.7966494484604563,0.17789482015713806,0.06897176769338831
20191010213,,,
20191010218,,,
20191010237,,,
20191010241,,,
20191010250,0.5363360568249613,0.34674921946226045,0.19095291033310266
20191010271,,,
20191010273,,,
20191010278,0.34673830705269443,0.31379328435761145,0.18475248540678077
20191010279,,,
20191010281,0.9101247673934538,0.17536818558642564,0.1242917402467955
20191010286,,,
20191010289,0.914063331485661,0.18001955463428415,0.12700756787733058
20191010292,0.8283871116347508,0.1739481327505652,0.07119726315801729
20191010296,,,
20191010299,,,
20191010305,,,
20191010322,0.9083187308844428,0.22081743881413807,0.17159391729572676
20191010328,0.7592639064631103,0.1778459364612558,0.07278167194432536
20191010329,0.3801494846500098,0.31225366135955773,0.18454117077832402
20191010335,,,
20191010347,,,
20191010350,0.7690245051794088,0.18015588942614308,0.11420932199876456
20191010367,,,
20191010394,,,
20191010408,,,
20191010411,,,
20191010414,,,
20191010418,,,
20191010421,,,
20191010430,,,
20191010433,0.48609525729567343,0.30480077919174997,0.09822309000545858
20191010448,,,
20191010483,,,
20191010484,,,
20191010497,,,
20191010506,0.4527739837385492,0.31096926739596764,0.17836369983794687
20191010510,,,
20191010512,,,
20191010514,0.7981443956244514,0.19058884255792097,0.13510926836073175
20191010516,,,
20191010529,,,
20191010532,0.7503843782103862,0.17846688954024653,0.12894984234577148
20191010543,,,
20191010555,0.8019006238429661,0.1919430764850678,0.15368747966348303
20191010563,0.8586508602964141,0.15630772856985128,0.10781695715408579
20191010564,0.8016685681666313,0.18824519544667917,0.14936793090158104
20191010565,,,
20191010567,,,
20191010580,0.4487988191166546,0.31388986691049414,0.09862119964788506
20191010582,,,
20191010585,,,
20191010593,0.5614032823083259,0.3662769354523147,0.20708438696405893
20191010600,,,
20191010603,0.5556623410020147,0.32103645957302807,0.1889010052054351
20191010606,0.02360757416690186,0.19890149088824338,0.16154444291891204
20191010609,,,
20191010610,,,
20191010611,0.4474219231893231,0.31225366135955773,0.18454117077832402
20191010613,,,
20191010619,,,
20191010620,,,
20191010628,0.4627756067301147,0.3041417631401591,0.09651536525027792
20191010631,0.9051283536402981,0.22081743881413807,0.17159391729572676
20191010640,,,
20191010647,,,
20191010699,,,
20191010712,,,
20191010724,0.7827886798076641,0.1854991070628041,0.07479520266721812
20191010725,0.8412109296877116,0.1640459881588138,0.13059451777559916
20191010733,,,
20191010745,,,
20191010749,,,
20191010754,,,
20191010755,,,
20191010764,,,
20191010782,,,
20191010795,0.8299428114393954,0.15965209921961435,0.10978861256312232
20191010801,,,
20191010808,,,
20191010818,,,
20191010820,,,
20191010821,,,
20191010841,,,
20191010843,,,
20191010846,0.8043473728407284,0.17144932113190564,0.12990611528480214
20191010862,,,
20191010875,0.7775069961999675,0.1854991070628041,0.07479520266721812
20191010878,0.7228785887642868,0.17814682098756685,0.11615208443054859
20191010879,,,
20191010881,,,
20191010888,,,
20191010896,,,
20191010902,,,
20191010904,,,
20191010911,0.5213916852293263,0.3040456594184785,0.1818379131497584
20191010920,,,
20191010932,,,
20191010936,0.7651283745251474,0.20549415711634295,0.13771617161196328
20191010937,0.8974320029434506,0.17742449131956262,0.1267093222495999
20191010950,,,
20191010976,,,
20191010981,,,
20191010988,0.754129408089818,0.19724161443368426,0.15891009172547757
20191010991,0.8238432207965822,0.17635618158515254,0.07272773203046497
20191010994,0.8225530208744458,0.17639524666185336,0.06741554615440906
20191011006,,,
20191011012,,,
20191011018,,,
20191011019,,,
20191011026,,,
20191011033,0.7867521947741528,0.1854991070628041,0.07479520266721812
20191011038,,,
20191011044,,,
20191011051,,,
20191011054,,,
20191011057,,,
20191011062,0.7679361709374357,0.19724161443368426,0.15891009172547757
20191011067,,,
20191011069,,,
20191011070,,,
20191011071,,,
20191011098,,,
20191011113,,,
20191011125,,,
20191011126,0.8293248900236178,0.1669786185795989,0.06378284989202909
20191011127,,,
20191011128,,,
20191011143,,,
20191011155,,,
20191011157,,,
20191011158,,,
20191011161,,,
20191011173,0.8155241766608883,0.18245183391181213,0.0711628469460644
20191011176,,,
20191011177,,,
20191011178,,,
20191011196,0.5297322930998398,0.289345121886158,0.16036267427598577
20191011207,,,
20191011209,0.550078965871182,0.3396304398139634,0.18588284671471858
20191011211,0.778817524148156,0.174453329102348,0.07029488276668856
20191011221,,,
20191011225,,,
20191011232,0.7566026890047419,0.18384685369219328,0.12713001229008994
20191011258,,,
20191011264,0.9114559460633851,0.2236875349561085,0.17089762311630638
20191011267,,,
20191011272,,,
20191011273,,,
20191011277,,,
20191011291,,,
20191011292,,,
20191011306,0.5683234571885519,0.31454888296208505,0.10036618464159643
20191011315,,,
20191011319,,,
20191011321,,,
20191011322,,,
20191011325,,,
20191011353,,,
20191011354,,,
20191011355,0.044860854243410464,0.1862916097927211,0.14135238104001613
20191011356,,,
20191011357,,,
20191011358,,,
20191011359,,,
20191011360,,,
20191011361,,,
20191011362,,,
20191011363,,,
20191011364,,,
20191011365,,,
20191011366,,,
20191011367,,,
20191011368,,,
20191011369,,,
20191011370,,,
20191011371,,,
20191011372,,,
20191011373,,,
20191011374,,,
20191011375,,,
20191011376,,,
20191011377,,,
20191011378,,,
20191011379,,,
20191011380,,,
20191011381,,,
20191011382,,,
20191011383,,,
20191011384,,,
20191011385,,,
20191011386,,,
20191011387,,,
20191011388,,,
20191011389,,,
20191011390,,,
20191011391,,,
20191011392,,,
20191011393,,,
20191011399,,,
20191011404,,,
20191011406,,,
20191011408,0.8458666699088284,0.18362442242995014,0.13687330809893306
20191011412,,,
20191011413,,,
20191011414,,,
20191011417,,,
20191011419,,,
20191011424,,,
20191011429,,,
20191011434,,,
20191011438,,,
20191011450,0.5576633857268569,0.3212986487333583,0.18035852806193134
20191011452,,,
20191011457,,,
20191011463,,,
20191011470,,,
20191011492,,,
20191011493,,,
20191011494,0.7454553616378328,0.19018860546186012,0.15727558096540392
20191011496,,,
20191011498,,,
20191011512,,,
20191011514,0.8281950805447814,0.175186538339426,0.13502652327075057
20191011522,0.4876420756903119,0.312887422372895,0.08724083401046086
20191011539,,,
20191011549,0.7683074432014515,0.17537169146450163,0.06973383992043328
20191011553,0.8035944650527073,0.17277305126462744,0.13577654737364125
20191011556,,,
20191011559,,,
20191011560,,,
20191011565,,,
20191011566,0.7627334973571496,0.1778459364612558,0.07278167194432536
20191011570,,,
20191011592,0.3873810144509382,0.32997263623584805,0.1708998457503114
20191011593,,,
20191011595,0.4804746280182838,0.312887422372895,0.08724083401046086
20191011600,0.8909199977967976,0.23976768841247514,0.17641891175713328
20191011601,,,
20191011604,0.9234061287119917,0.21899972704863596,0.1698173158035139
20191011607,,,
20191011616,,,
20191011617,,,
20191011622,,,
20191011623,,,
20191011624,,,
20191011638,,,
20191011640,,,
20191011645,0.8524671777632635,0.17258365176777654,0.12135098082332049
20191011652,,,
20191011653,0.8809643618654264,0.24586558488519278,0.1663269389082938
20191011656,0.6454726019221169,0.37670118616346987,0.2022194245992151
20191011665,0.8374331106204327,0.17833327687837805,0.062122934387172875
20191011677,0.8472545693142266,0.1717855870484014,0.11733970646479364
20191011680,0.8696225697980198,0.23976768841247514,0.17641891175713328
20191011684,,,
20191011688,0.7157795122907253,0.1625510993859069,0.11225909794369143
20191011695,,,
20191011702,,,
20191011711,,,
20191011715,,,
20191011717,,,
20191011718,0.7901235754622257,0.17227668962841927,0.058851658276122286
20191011725,0.8223036723673636,0.17528228908088722,0.07188726237447339
20191011735,,,
20191011739,0.8607270218344919,0.16187569546995922,0.11250263722756183
20191011741,,,
20191011743,0.9073227906847043,0.23509816638439346,0.17539920149553703
20191011745,,,
20191011749,0.8634691233388591,0.17427585189440106,0.12574834824387096
20191011775,,,
20191011778,,,
20191011779,,,
20191011789,,,
20191011790,0.6898275828785418,0.16013269997544805,0.11552513142203183
20191011798,0.6501476160787318,0.2853402064537652,0.0875815644927636
20191011800,,,
20191011802,,,
20191011809,,,
20191011828,,,
20191011830,0.481519882759015,0.3112610647531633,0.086157068140846
20191011835,,,
20191011838,0.8299570673348721,0.167932282719918,0.11875610909858346
20191011840,0.4212169020565677,0.3067878135124982,0.17682518396763255
20191011843,0.8815180189850503,0.2116615005810579,0.1633256677228559
20191011846,,,
20191011851,,,
20191011855,,,
20191011856,0.49259299029962506,0.1742160980565267,0.061419017244898774
20191011858,,,
20191011862,,,
20191011863,,,
20191011864,0.5450019047122702,0.1548297135035085,0.10452714443784632
20191011866,,,
20191011868,,,
20191011869,0.8116727658291693,0.17510682381063827,0.12186940664677269
20191011870,0.8116763092503795,0.1844376761091019,0.13789057127942292
20191011873,,,
20191011878,0.4341066695272356,0.31454888296208505,0.10036618464159643
20191011881,0.8663765947949857,0.17227668962841927,0.058851658276122286
20191011885,,,
20191011889,,,
20191011890,0.8209170428313668,0.14793805001419222,0.09874450856033122
20191011892,,,
20191011901,,,
20191011909,,,
20191011918,,,
20191011922,,,
20191011926,0.5912058704802184,0.34674921946226045,0.19095291033310266
20191011931,,,
20191011939,,,
20191011943,0.8072652186256797,0.20685713330704186,0.1361419826259951
20191011944,,,
20191011948,,,
20191011951,,,
20191011963,,,
20191011964,,,
20191011968,,,
20191011976,0.8918798367146603,0.22414493469262925,0.1721307356890847
20191011977,,,
20191011982,,,
20191011983,,,
20191011984,,,
20191011987,,,
20191011989,,,
20191011995,,,
20191011996,,,
20191011997,,,
20191011998,,,
20191011999,,,
20191012000,,,
20191012001,,,
20191012002,,,
20191012006,,,
20191012013,,,
20191012017,,,
20191012018,,,
20191012025,,,
20191012027,,,
20191012030,0.8225816388581192,0.16187569546995922,0.11250263722756183
20191012033,,,
20191012037,,,
20191012040,,,
20191012049,,,
20191012055,0.8194298432382797,0.19677182130794452,0.14800094908350708
20191012056,,,
20191012063,0.821750749348006,0.17350409424928764,0.13195330826918258
20191012066,,,
20191012071,,,
20191012072,,,
20191012073,0.8177893033268566,0.1936561014364918,0.1392980754404283
20191012077,0.826788741178285,0.175186538339426,0.13502652327075057
20191012084,0.8183179447566462,0.18096207903570888,0.07111010677492255
20191012093,,,
20191012095,,,
20191012096,0.8394647689570576,0.1731168780304625,0.07166771429233575
20191012100,,,
20191012107,,,
20191012113,,,
20191012116,,,
20191012117,,,
20191012119,,,
20191012121,0.8779849206042478,0.20543464930052105,0.13230375389578716
20191012125,0.6669990677422643,0.16694721172108223,0.116687069723911
20191012126,,,
20191012128,,,
20191012131,0.8596946044445348,0.21981139164279756,0.1679072534631953
20191012132,0.9213845740973269,0.18449203171495526,0.13526813419832728
20191012135,,,
20191012136,,,
20191012141,,,
20191012142,0.900700758176422,0.17843544446499646,0.1281451703468204
20191012148,,,
20191012152,,,
20191012154,,,
20191012157,0.8145937653068318,0.17237905536036682,0.06952644421763504
20191012166,0.9136280064764932,0.1762143413039826,0.13176964867541197
20191012168,,,
20191012175,0.8997032136209383,0.17843544446499646,0.1281451703468204
20191012180,,,
20191012182,,,
20191012184,,,
20191012185,,,
20191012193,,,
20191012195,0.5178959820167908,0.3155162245302259,0.0998617512648937
20191012203,0.4883558882038292,0.31096926739596764,0.17836369983794687
20191012210,,,
20191012216,0.8064219814017346,0.18400935218670084,0.07473977048654316
20191012218,0.4385365239218732,0.3032788653903689,0.17706748645020923
20191012221,,,
20191012225,,,
20191012226,,,
20191012235,0.8370475631569698,0.17448104008063678,0.07067134334909356
20191012251,0.9026084107736373,0.24626841386851073,0.18164910543614485
20191012255,0.5840521522010249,0.16692994266062194,0.06226710797324299
20191012261,,,
20191012263,,,
20191012273,0.6209857396659837,0.321175687221509,0.18511533188922596
20191012276,,,
20191012283,0.7897912934364769,0.2425971938851855,0.17697934497488324
20191012285,,,
20191012293,0.463315214483271,0.30757494296756505,0.1736638985348662
20191012294,,,
20191012302,0.46291657007194287,0.3120072764080966,0.09999859122005733
20191012303,,,
20191012305,0.8105861217432214,0.1625098456574181,0.11331843695840639
20191012307,0.9014236870377843,0.18449203171495526,0.13526813419832728
20191012313,,,
20191012315,0.8292578016554197,0.17918068775554574,0.07255248326413107
20191012317,0.43667626126484405,0.30480077919174997,0.09822309000545858
20191012318,0.19470889488709642,0.26495205362575736,0.1797454089345001
20191012326,,,
20191012336,,,
20191012338,0.8239504968251524,0.16887082704155687,0.12765814248552795
20191012341,0.9040795069869013,0.22081743881413807,0.17159391729572676
20191012349,,,
20191012350,,,
20191012354,0.8254338429842801,0.22567051333329152,0.15495637254034617
20191012357,,,
20191012359,0.43930869990669985,0.31304079081462466,0.18124193872417294
20191012361,0.7990718034006163,0.17528228908088722,0.07188726237447339
20191012370,,,
20191012372,,,
20191012378,,,
20191012379,0.8271061350084452,0.17528228908088722,0.07188726237447339
20191012381,0.8208132970446845,0.20000241212347236,0.1496222548775611
20191012385,0.9123369523811283,0.17843544446499646,0.1281451703468204
20191012386,,,
20191012396,0.9040818961096465,0.22081743881413807,0.17159391729572676
20191012400,,,
20191012406,0.8112305009009709,0.2425971938851855,0.17697934497488324
20191012408,,,
20191012419,,,
20191012425,0.77086812597072,0.18015588942614308,0.11420932199876456
20191012427,0.8168612438914753,0.15891221271012226,0.1103627345474514
20191012428,,,
20191012434,,,
20191012453,0.8380451175901681,0.16220449292113245,0.11151274060643228
20191012456,,,
20191012464,,,
20191012468,,,
20191012473,,,
20191012474,,,
20191012475,,,
20191012476,0.7386314088961802,0.18605265377742425,0.11812422493693144
20191012477,,,
20191012479,,,
20191012482,,,
20191012485,0.84605325066828,0.18616491763275983,0.10473248709979202
20191012486,,,
20191012487,,,
20191012490,,,
20191012498,,,
20191012510,,,
20191012511,,,
20191012521,,,
20191012522,,,
20191012525,,,
20191012526,,,
20191012527,,,
20191012528,,,
20191012529,,,
20191012530,,,
20191012531,,,
20191012532,,,
20191012533,,,
20191012534,,,
20191012535,,,
20191012536,,,
20191012537,,,
20191012538,,,
20191012539,,,
20191012540,0.4778579287745968,0.31225366135955773,0.18454117077832402
20191012542,,,
20191012547,,,
20191012548,,,
20191012555,0.4807573267775381,0.32811194649728675,0.07632437957079688
20191012560,,,
20191012569,0.8657936762926836,0.1762143413039826,0.13176964867541197
20191012571,,,
20191012573,,,
20191012574,,,
20191012580,,,
20191012581,0.7942749270569313,0.2031138735446812,0.16460164235065824
20191012585,,,
20191012587,,,
20191012590,,,
20191012591,,,
20191012595,,,
20191012599,,,
20191012600,,,
20191012602,0.8386057987384735,0.19013297924179065,0.14549953069317917
20191012604,,,
20191012606,,,
20191012607,,,
20191012608,,,
20191012610,,,
20191012611,,,
20191012613,,,
20191012618,,,
20191012622,,,
20191012623,0.8145920757202388,0.18322314830471392,0.11775016580881668
20191012629,,,
20191012631,,,
20191012636,,,
20191012638,,,
20191012640,,,
20191012647,0.9092391812162255,0.25643347323581345,0.18854455343980409
20191012648,,,
20191012649,,,
20191012651,,,
20191012656,,,
20191012657,,,
20191012661,,,
20191012663,,,
20191012664,,,
20191012668,,,
20191012669,,,
20191012671,,,
20191012673,,,
20191012675,,,
20191012677,,,
20191012683,,,
20191012685,,,
20191012687,,,
20191012692,,,
20191012698,0.3862649221818198,0.3113711987595845,0.07604266921230629
20191012700,,,
20191012708,0.4363053307141259,0.3097448411398528,0.07509801467683008
20191012711,,,
20191012714,,,
20191012720,0.9156822176344436,0.25643347323581345,0.18854455343980409
20191012723,,,
20191012726,,,
20191012730,0.9169388902802281,0.21831673079260094,0.16954548562082025
20191012732,0.42483112568831816,0.30805619094317727,0.07514245720266655
20191012733,,,
20191012737,0.03950072314750856,0.1973160183551227,0.1691095985596753
20191012739,,,
20191012746,,,
20191012747,0.8342426245970525,0.1735601807196943,0.13334913057874528
20191012748,,,
20191012749,,,
20191012751,,,
20191012752,,,
20191012753,0.5612053094312032,0.30053671129634923,0.182087084544885
20191012754,,,
20191012755,,,
20191012758,,,
20191012759,0.8107820924864804,0.16642172600100913,0.14227147164070425
20191012761,,,
20191012766,,,
20191012767,,,
20191012771,0.6920750417651533,0.1625510993859069,0.11225909794369143
20191012772,,,
20191012776,,,
20191012779,,,
20191012780,,,
20191012781,,,
20191012782,,,
20191012786,,,
20191012787,,,
20191012788,,,
20191012790,,,
20191012793,,,
20191012795,,,
20191012796,,,
20191012798,,,
20191012799,,,
20191012800,,,
20191012801,,,
20191012802,,,
20191012807,,,
20191012810,,,
20191012812,,,
20191012816,,,
20191012817,,,
20191012819,,,
20191012821,,,
20191012822,,,
20191012834,,,
20191012839,0.8316610430064,0.1936561014364918,0.1392980754404283
20191012845,,,
20191012849,,,
20191012851,,,
20191012853,,,
20191012857,,,
20191012861,,,
20191012864,,,
20191012866,,,
20191012871,0.9156822176344436,0.25643347323581345,0.18854455343980409
20191012873,,,
20191012877,,,
20191012881,,,
20191012882,0.63722233609854,0.2031138735446812,0.16460164235065824
20191012883,0.4231112474339509,0.31379328435761145,0.18475248540678077
20191012893,,,
20191012894,,,
20191012896,,,
20191012906,,,
20191012907,,,
20191012910,,,
20191012915,,,
20191012918,,,
20191012919,,,
20191012922,,,
20191012923,,,
20191012927,0.8276809462217262,0.16406981858324318,0.10329818330614542
20191012935,,,
20191012941,0.8228969475670834,0.17528228908088722,0.07188726237447339
20191012942,,,
20191012945,,,
20191012946,,,
20191012957,0.8744405453828272,0.17972254922121533,0.1470929412353726
20191012959,,,
20191012960,,,
20191012964,,,
20191012966,,,
20191012967,,,
20191012970,,,
20191012971,,,
20191012972,,,
20191012973,,,
20191012975,0.8907425466712923,0.21899972704863596,0.1698173158035139
20191012979,,,
20191012980,,,
20191012981,0.43132623205463355,0.31225366135955773,0.18454117077832402
20191012986,,,
20191012987,,,
20191012988,,,
20191012991,,,
20191012993,,,
20191012996,,,
20191012998,,,
20191013003,0.8637501564040309,0.2268506614886014,0.15705698193115433
20191013005,,,
20191013012,,,
20191013016,,,
20191013018,,,
20191013020,,,
20191013023,,,
20191013025,,,
20191013027,,,
20191013029,0.7506655305971826,0.1921358798619494,0.14735852905699523
20191013030,,,
20191013038,,,
20191013040,,,
20191013043,,,
20191013047,,,
20191013048,0.0406251584069463,0.1973160183551227,0.1691095985596753
20191013049,,,
20191013053,,,
20191013055,0.62772372518803,0.20058500243063881,0.05641090091173333
20191013056,,,
20191013057,,,
20191013061,,,
20191013063,,,
20191013065,,,
20191013067,,,
20191013071,,,
20191013073,,,
20191013074,0.43783228067734137,0.31225366135955773,0.18454117077832402
20191013075,,,
20191013076,0.6890572509294747,0.16694721172108223,0.116687069723911
20191013077,,,
20191013079,,,
20191013087,,,
20191013088,,,
20191013089,0.4374815803297013,0.3097448411398528,0.07509801467683008
20191013091,,,
20191013096,,,
20191013102,,,
20191013106,0.6396269931356121,0.16935997119686763,0.1214557510603494
20191013108,0.8637501564040309,0.2268506614886014,0.15705698193115433
20191013109,,,
20191013111,0.8324623520250019,0.17477466566476074,0.127994542037794
20191013112,,,
20191013115,,,
20191013117,,,
20191013118,,,
20191013119,,,
20191013122,,,
20191013124,,,
20191013125,,,
20191013127,,,
20191013129,,,
20191013130,,,
20191013132,,,
20191013133,,,
20191013137,,,
20191013146,,,
20191013148,,,
20191013150,,,
20191013153,,,
20191013165,,,
20191013169,0.9092391812162255,0.25643347323581345,0.18854455343980409
20191013172,,,
20191013174,,,
20191013176,,,
20191013178,,,
20191013179,,,
20191013180,,,
20191013183,,,
20191013185,,,
20191013186,,,
20191013187,,,
20191013188,,,
20191013189,,,
20191013190,,,
20191013191,,,
20191013192,,,
20191013193,,,
20191013194,,,
20191013195,,,
20191013196,,,
20191013197,,,
20191013198,,,
20191013199,,,
20191013200,,,
20191013201,,,
20191013202,,,
20191013203,,,
20191013204,,,
20191013205,,,
20191013206,,,
20191013210,,,
20191013212,0.8809705826441548,0.17314708242541182,0.12780722754708315
20191013214,0.7690245051794088,0.18015588942614308,0.11420932199876456
20191013215,,,
20191013223,0.7798747255727343,0.1983078192396309,0.13418875645954906
20191013224,,,
20191013225,,,
20191013226,0.7741612634785029,0.17943529733772087,0.07388308399695598
20191013229,,,
20191013230,,,
20191013231,0.4579886719200403,0.31096926739596764,0.17836369983794687
20191013233,,,
20191013234,,,
20191013237,,,
20191013240,,,
20191013244,,,
20191013245,,,
20191013246,,,
20191013251,,,
20191013252,0.6668029617960761,0.25250200047616556,0.0891135378877388
20191013253,0.904885527352399,0.22081743881413807,0.17159391729572676
20191013256,,,
20191013259,0.7879606812386054,0.1911009488631093,0.07477106354472185
20191013260,0.8466979127019526,0.16357282325117384,0.0644524490642454
20191013261,0.8411173249467999,0.18400935218670084,0.07473977048654316
20191013263,,,
20191013269,0.778247051224787,0.207839967839882,0.15693068784264794
20191013275,0.7625043201723399,0.18952958941026926,0.15454115871310944
20191013277,,,
20191013282,,,
20191013283,,,
20191013292,,,
20191013294,,,
20191013295,,,
20191013303,,,
20191013306,,,
20191013308,,,
20191013309,,,
20191013310,,,
20191013312,,,
20191013314,,,
20191013316,0.79511093052202,0.21785445222881447,0.16956703248548935
20191013321,0.4874067714788213,0.31388986691049414,0.09862119964788506
20191013322,,,
20191013324,,,
20191013326,0.9091620037973581,0.14941808305714832,0.10677536558571832
20191013327,0.7653255549809567,0.18015588942614308,0.11420932199876456
20191013329,,,
20191013331,,,
20191013337,0.8787795870919561,0.17722270424313868,0.1253589130112784
20191013340,,,
20191013342,,,
20191013344,,,
20191013345,,,
20191013348,,,
20191013349,,,
20191013350,,,
20191013351,,,
20191013354,,,
20191013356,,,
20191013358,0.9186332964569662,0.21899972704863596,0.1698173158035139
20191013359,,,
20191013361,,,
20191013367,0.029031664229098666,0.19624212585085732,0.1671553029676336
20191013369,,,
20191013375,0.5285262446754311,0.31096926739596764,0.17836369983794687
20191013378,,,
20191013381,,,
20191013382,,,
20191013387,0.9114492017913677,0.22081743881413807,0.17159391729572676
20191013388,,,
20191013389,,,
20191013390,,,
20191013391,0.6033502209157539,0.32860041127935535,0.19351834809464008
20191013392,,,
20191013393,0.5535820628776016,0.18015588942614308,0.11420932199876456
20191013394,,,
20191013396,0.7027613434796787,0.15521974952048942,0.12760603168729098
20191013398,,,
20191013400,0.7723510073539965,0.18888487597171233,0.14989565325255713
20191013402,,,
20191013404,,,
20191013406,,,
20191013407,,,
20191013412,,,
20191013413,,,
20191013414,,,
20191013416,,,
20191013419,0.8760173721023349,0.23962846076399416,0.18002674023842447
20191013423,0.515316611010305,0.16692994266062194,0.06226710797324299
20191013424,,,
20191013428,,,
20191013433,0.8822331129186133,0.15187793156413357,0.1104719709776985
20191013439,,,
20191013441,,,
20191013442,,,
20191013446,,,
20191013448,,,
20191013449,,,
20191013450,0.8511385754557673,0.14143819108330763,0.09964469456483395
20191013452,0.4444310210868651,0.30757494296756505,0.1736638985348662
20191013453,,,
20191013457,,,
20191013460,,,
20191013461,0.8087140550092966,0.1919430764850678,0.15368747966348303
20191013463,0.8184457055385664,0.18952958941026926,0.15454115871310944
20191013464,0.8235065993292757,0.16190154108151023,0.11299409178691765
20191013469,,,
20191013472,0.8057438688748239,0.17926112902857866,0.07493497299598062
20191013476,,,
20191013477,,,
20191013479,,,
20191013493,0.779182934550263,0.15345406702435366,0.10655947465435389
20191013500,,,
20191013501,,,
20191013502,,,
20191013503,,,
20191013504,,,
20191013505,0.7968684937894778,0.16406981858324318,0.10329818330614542
20191013507,,,
20191013509,,,
20191013511,,,
20191013515,,,
20191013520,,,
20191013524,,,
20191013525,,,
20191013526,,,
20191013530,,,
20191013532,,,
20191013534,,,
20191013535,,,
20191013541,0.901877528633251,0.21645605916711871,0.16658986833952152
20191013542,,,
20191013544,,,
20191013545,0.9095590720087833,0.22081743881413807,0.17159391729572676
20191013546,,,
20191013550,,,
20191013551,,,
20191013554,,,
20191013557,,,
20191013560,,,
20191013562,,,
20191013563,,,
20191013566,,,
20191013568,,,
20191013570,,,
20191013576,,,
20191013577,0.8359887932719524,0.16887082704155687,0.12765814248552795
20191013582,0.7749331627290402,0.17514486142057334,0.13288977463559384
20191013583,0.6031517138138436,0.386119436589776,0.20969687648731392
20191013585,,,
20191013586,,,
20191013587,,,
20191013598,0.46536324850876404,0.31096926739596764,0.17836369983794687
20191013599,,,
20191013601,,,
20191013602,,,
20191013604,,,
20191013605,,,
20191013606,0.8491482578228057,0.15630772856985128,0.10781695715408579
20191013611,0.855259170645266,0.20555481681615398,0.07906681884964532
20191013612,0.847492519788896,0.2214424395946682,0.1682633055717817
20191013613,,,
20191013614,,,
20191013618,,,
20191013621,0.7990097296712741,0.1911009488631093,0.07477106354472185
20191013625,0.9053635773843677,0.21831673079260094,0.16954548562082025
20191013626,,,
20191013636,,,
20191013638,,,
20191013640,,,
20191013641,,,
20191013642,,,
20191013645,,,
20191013646,0.892756043364992,0.14805364359814172,0.10425663015447263
20191013648,,,
20191013649,0.9149147469522253,0.21899972704863596,0.1698173158035139
20191013653,,,
20191013655,0.9176672979934667,0.21899972704863596,0.1698173158035139
20191013657,,,
20191013660,,,
20191013662,0.6077505923659365,0.16692994266062194,0.06226710797324299
20191013663,0.8883437443043141,0.21427809585538365,0.1642928688298531
20191013667,,,
20191013669,,,
20191013673,,,
20191013674,,,
20191013677,,,
20191013679,,,
20191013681,,,
20191013682,,,
20191013683,,,
20191013685,0.7226624021182634,0.19018860546186012,0.15727558096540392
20191013688,,,
20191013689,,,
20191013693,0.3755463488062839,0.3281867574914341,0.18910325036384862
20191013695,,,
20191013696,0.8250233811749627,0.17626684760520767,0.07286408524763062
20191013699,,,
20191013700,0.7458340961311553,0.1905667349493384,0.15062446726166032
20191013703,,,
20191013707,,,
20191013709,0.8204433706079298,0.19058884255792097,0.13510926836073175
20191013710,,,
20191013714,0.843676306461496,0.20101590641634492,0.08442228354947147
20191013718,0.906560797839922,0.22081743881413807,0.17159391729572676
20191013719,,,
20191013721,0.8458566073709736,0.15464884402079299,0.10707862246317579
20191013723,,,
20191013724,,,
20191013726,,,
20191013728,0.782438993397791,0.17467383423730296,0.11606080665211213
20191013730,,,
20191013732,,,
20191013733,,,
20191013737,,,
20191013738,,,
20191013741,,,
20191013743,,,
20191013744,0.4638590399999165,0.322603528847504,0.1943355050477847
20191013748,,,
20191013750,,,
20191013751,,,
20191013755,,,
20191013756,,,
20191013757,0.7498452898694363,0.17846688954024653,0.12894984234577148
20191013759,,,
20191013760,0.8250233811749627,0.17626684760520767,0.07286408524763062
20191013761,0.6275474289058555,0.31037330794133733,0.16357609806619605
20191013762,,,
20191013763,0.7770852393520374,0.17686144634060488,0.06978555935693224
20191013767,0.7917068841128018,0.17467383423730296,0.11606080665211213
20191013768,0.7488163078909147,0.17846688954024653,0.12894984234577148
20191013769,,,
20191013770,,,
20191013771,,,
20191013776,,,
20191013777,,,
20191013779,,,
20191013784,0.8093098973147531,0.18824519544667917,0.14936793090158104
20191013790,0.8319855466192854,0.17277305126462744,0.13577654737364125
20191013795,0.8178449351444761,0.14756487060851348,0.10280808783861008
20191013796,,,
20191013797,0.8459267458967243,0.15464884402079299,0.10707862246317579
20191013798,,,
20191013802,,,
20191013803,,,
20191013805,,,
20191013806,,,
20191013811,0.8355938685798773,0.16357282325117384,0.0644524490642454
20191013812,,,
20191013815,,,
20191013817,,,
20191013818,,,
20191013820,0.44386682170001046,0.31096926739596764,0.17836369983794687
20191013821,,,
20191013822,0.9129984069868923,0.17286747756488854,0.12280798638381915
20191013823,0.7690245051794088,0.18015588942614308,0.11420932199876456
20191013824,,,
20191013826,,,
20191013827,,,
20191013829,,,
20191013831,0.7850932739031602,0.18015588942614308,0.11420932199876456
20191013835,,,
20191013836,,,
20191013845,,,
20191013846,,,
20191013850,,,
20191013851,,,
20191013852,,,
20191013853,,,
20191013854,0.8771882989185812,0.23962846076399416,0.18002674023842447
20191013855,0.9126201211099435,0.22081743881413807,0.17159391729572676
20191013856,,,
20191013859,,,
20191013863,,,
20191013864,,,
20191013866,,,
20191013868,,,
20191013870,,,
20191013871,,,
20191013872,,,
20191013873,,,
20191013874,,,
20191013875,,,
20191013876,,,
20191013877,,,
20191013878,,,
20191013879,,,
20191013880,,,
20191013881,,,
20191013882,,,
20191013883,,,
20191013884,,,
20191013885,,,
20191013886,0.8368064870303417,0.19886797205341594,0.16090901459351087
20191013890,0.8271698109732483,0.16854430665240122,0.06341310895692531
20191013895,,,
20191013896,,,
20191013897,,,
20191013899,,,
20191013902,0.7917239867160044,0.18042898981763572,0.13815358838884575
20191013905,0.46692321755731286,0.3041417631401591,0.09651536525027792
20191013907,,,
20191013910,,,
20191013912,0.8035796611072191,0.17613867481004308,0.13569731779588157
20191013915,0.8653388532057515,0.18598178659105852,0.13536845839795533
20191013919,,,
20191013925,,,
20191013928,0.7847591198104317,0.19517009101502727,0.1563864969734147
20191013929,0.7584914797463675,0.18384685369219328,0.12713001229008994
20191013931,0.4700897426781525,0.3041417631401591,0.09651536525027792
20191013933,,,
20191013935,,,
20191013936,,,
20191013939,,,
20191013942,,,
20191013943,0.7888827883678288,0.19040172483040343,0.1513192596690407
20191013945,,,
20191013948,,,
20191013950,,,
20191013951,0.7931695978411859,0.17144932113190564,0.12990611528480214
20191013952,0.3433334372395973,0.2810420507848097,0.18835984500288955
20191013953,,,
20191013954,0.9193205251357475,0.07335797246138089,0.0863744420457647
20191013956,0.773606839230044,0.18697347053456792,0.14549095932880446
20191013961,,,
20191013962,,,
20191013965,0.7413449309050996,0.1854705559377016,0.14501453839178483
20191013967,,,
20191013971,0.8339928391826629,0.25643347323581345,0.18854455343980409
20191013972,0.7252847603022405,0.22657067321692687,0.1652056076804484
20191013973,,,
20191013976,,,
20191013977,0.8119282467837423,0.1589642844767564,0.11171184056318317
20191013979,0.7947010032293892,0.17144932113190564,0.12990611528480214
20191013980,,,
20191013983,0.5914344531429085,0.3041417631401591,0.09651536525027792
20191013985,,,
20191013986,0.3600081143380193,0.2876550105419591,0.1589513212153106
20191013987,0.7768504232283506,0.19724161443368426,0.15891009172547757
20191013989,,,
20191013991,,,
20191013992,,,
20191013993,0.8201378009267332,0.18245183391181213,0.0711628469460644
20191013997,0.3747189108232488,0.28062280585685007,0.1538888889219724
20191014002,0.8735904700341881,0.25643347323581345,0.18854455343980409
20191014003,,,
20191014006,0.7584537836663944,0.17677204395699048,0.07194057893793387
20191014008,,,
20191014011,,,
20191014013,,,
20191014015,,,
20191014016,,,
20191014019,0.8104660606498537,0.19599854823353569,0.15442355087613513
20191014020,,,
20191014024,,,
20191014026,0.8270443447491524,0.17385142748214832,0.06961384483827718
20191014029,0.8449133155886274,0.23976768841247514,0.17641891175713328
20191014033,0.8148791638801224,0.18063412214631006,0.07042606080546593
20191014059,0.8225430190455858,0.17144932113190564,0.12990611528480214
20191014064,0.8603715573383637,0.21695952924549283,0.08933873247337493
20191014071,0.7324480945360675,0.1854991070628041,0.07479520266721812
20191014080,,,
20191014084,,,
20191014087,0.7693736875355076,0.17677204395699048,0.07194057893793387
20191014090,,,
20191014092,0.4580588895027827,0.3041417631401591,0.09651536525027792
20191014093,0.7884989898718294,0.17677204395699048,0.07194057893793387
20191014094,0.7589206725323185,0.18519735600225956,0.1427799460537473
20191014096,,,
20191014097,0.7941238170699435,0.16343882481205851,0.10246137791914853
20191014100,,,
20191014101,0.8373691463991679,0.17639524666185336,0.06741554615440906
20191014102,,,
20191014103,,,
20191014104,0.8472745562339524,0.171932151747262,0.06847695075790926
20191014105,0.8194581606241061,0.18245183391181213,0.0711628469460644
20191014106,,,
20191014107,0.7495048950154437,0.1917208521745961,0.07116754605766798
20191014109,0.8301056692720861,0.18042898981763572,0.13815358838884575
20191014110,0.5648549623944737,0.1832018670955335,0.07383387036587699
20191014112,,,
20191014113,0.7870370523497334,0.17144932113190564,0.12990611528480214
20191014117,0.7751461113686791,0.21223760679262949,0.07962824676324089
20191014118,0.8373691463991679,0.17639524666185336,0.06741554615440906
20191014120,,,
20191014123,0.7584830631365026,0.18860132246282701,0.07149336749759251
20191014128,,,
20191014130,0.7763950765257145,0.17677204395699048,0.07194057893793387
20191014131,,,
20191014132,,,
20191014134,0.7524072186763752,0.19790063048527512,0.16172181705837066
20191014136,0.8019659338782188,0.18245183391181213,0.0711628469460644
20191014139,0.7961872581365212,0.19886797205341594,0.16090901459351087
20191014141,0.8470672384054038,0.171932151747262,0.06847695075790926
20191014142,,,
20191014145,,,
20191014146,,,
20191014148,0.8288112591144889,0.16636868321399037,0.12352229940046736
20191014149,,,
20191014151,0.8064017860123928,0.17776503242977476,0.1374042482288559
20191014152,,,
20191014157,,,
20191014161,0.7645992680229633,0.19790063048527512,0.16172181705837066
20191014163,,,
20191014164,,,
20191014172,0.47074588598201145,0.278887518211988,0.16654387330028456
20191014176,0.721136004518198,0.17677204395699048,0.07194057893793387
20191014177,,,
20191014183,,,
20191014186,0.6658398728156273,0.17613867481004308,0.13569731779588157
20191014189,,,
20191014190,,,
20191014192,,,
20191014194,,,
20191014195,,,
20191014196,,,
20191014197,,,
20191014198,,,
20191014201,0.46982635755653707,0.3057681207598908,0.09772942767149062
20191014202,0.8735904700341881,0.25643347323581345,0.18854455343980409
20191014203,0.7956436964668961,0.18754207935635858,0.14735462487713233
20191014207,0.7617088003566383,0.17613867481004308,0.13569731779588157
20191014210,,,
20191014212,0.8553669343296727,0.22568251702511147,0.17102313365088764
20191014215,,,
20191014219,,,
20191014220,,,
20191014221,0.8713729244505574,0.17722270424313868,0.1253589130112784
20191014222,,,
20191014223,0.8143286485053589,0.18245183391181213,0.0711628469460644
20191014224,,,
20191014225,,,
20191014231,0.8252544172689584,0.17385142748214832,0.06961384483827718
20191014235,,,
20191014236,0.8004490033649511,0.19166114289289804,0.15660079244653613
20191014238,,,
20191014241,,,
20191014246,0.7546541891508509,0.19517009101502727,0.1563864969734147
20191014247,0.8012373160855244,0.1746977702150093,0.07115415022617946
20191014248,0.8441095127740652,0.16264412180833993,0.11771150427161929
20191014250,0.3700588060017386,0.3305414187188303,0.20117002838224426
20191014252,0.90024788853576,0.22048948192473922,0.16994326406466154
20191014255,,,
20191014257,0.8103336728634786,0.17613867481004308,0.13569731779588157
20191014258,,,
20191014259,0.7723947079444462,0.19724161443368426,0.15891009172547757
20191014261,0.762937350582832,0.19599854823353569,0.15442355087613513
20191014263,,,
20191014264,0.7564901057716865,0.19870319173900025,0.1455089700038805
20191014265,0.8201378009267332,0.18245183391181213,0.0711628469460644
20191014266,,,
20191014268,0.7951599024685871,0.16975829862422087,0.13025712262893283
20191014274,0.7513464023330823,0.18384685369219328,0.12713001229008994
20191014277,,,
20191014280,,,
20191014281,0.7665498612060705,0.17677204395699048,0.07194057893793387
20191014283,,,
20191014284,0.8691251310063547,0.17639524666185336,0.06741554615440906
20191014285,0.7941377524073217,0.17144932113190564,0.12990611528480214
20191014288,0.8601501799143466,0.22644750420187984,0.16916807031051975
20191014289,0.8112176497623486,0.17144932113190564,0.12990611528480214
20191014291,,,
20191014292,,,
20191014294,0.545162699140189,0.3355113608158222,0.1867370423600723
20191014297,,,
20191014298,0.7462657360845973,0.19040172483040343,0.1513192596690407
20191014300,0.7607901047991951,0.17612511049319082,0.13277563562879868
20191014302,,,
20191014305,,,
20191014307,,,
20191014309,,,
20191014310,,,
20191014314,0.8020376873814583,0.1854991070628041,0.07479520266721812
20191014317,0.8373691463991679,0.17639524666185336,0.06741554615440906
20191014318,0.8402317990368998,0.1728014380659194,0.12867051638237328
20191014319,,,
20191014321,,,
20191014322,0.7975136140322134,0.1854991070628041,0.07479520266721812
20191014323,0.8019737784986399,0.1854991070628041,0.07479520266721812
20191014326,0.8366303743175567,0.17639524666185336,0.06741554615440906
20191014327,0.8034327022842407,0.17776503242977476,0.1374042482288559
20191014331,,,
20191014336,,,
20191014337,0.8468046676390126,0.16264412180833993,0.11771150427161929
20191014338,,,
20191014339,,,
20191014340,0.8264536619020104,0.22316668574078186,0.16857214356922817
20191014342,0.8350677034351506,0.15965209921961435,0.10978861256312232
20191014343,0.6156869979114166,0.2079157923251273,0.07602606169735086
20191014347,,,
20191014353,0.7991618250221098,0.17613867481004308,0.13569731779588157
20191014354,0.8380621279963315,0.17639524666185336,0.06741554615440906
20191014355,,,
20191014357,0.7667771035584291,0.17222016734462212,0.06817773219902365
20191014359,0.7494613471159716,0.18384685369219328,0.12713001229008994
20191014360,,,
20191014363,0.9022186892117442,0.22230719369024132,0.17172118320736038
20191014364,,,
20191014365,,,
20191014369,,,
20191014372,0.9125231784791423,0.22230719369024132,0.17172118320736038
20191014375,,,
20191014376,0.8660144807760942,0.22134897397527978,0.1668268280794345
20191014382,,,
20191014385,,,
20191014387,0.6484919049219261,0.20978915629573064,0.07697586822539126
20191014388,0.8077897541748307,0.17693810141844588,0.13183269425505775
20191014389,0.896464405416353,0.25643347323581345,0.18854455343980409
20191014392,,,
20191014393,,,
20191014395,,,
20191014396,0.7787130626376041,0.17677204395699048,0.07194057893793387
20191014397,0.8591486537997549,0.16643425527871425,0.12685959236938846
20191014400,0.7943359774698453,0.21223760679262949,0.07962824676324089
20191014404,0.8390352873865004,0.15816968478130242,0.11630380798775944
20191014405,0.4282126441929652,0.2079157923251273,0.07602606169735086
20191014407,,,
20191014413,,,
20191014414,,,
20191014415,0.7993965919422404,0.1854991070628041,0.07479520266721812
20191014416,0.8577509467619983,0.2036123296333305,0.15470289340919152
20191014417,,,
20191014419,0.6722024305430956,0.1494585008787403,0.10845141809398984
20191014420,0.820749184075723,0.1916225505235466,0.14307166210822098
20191014423,0.46878396840917164,0.2952870110187876,0.17918913168313294
20191014425,,,
20191014427,,,
20191014429,,,
20191014430,0.7761891670964454,0.17677204395699048,0.07194057893793387
20191014431,0.8217453556539648,0.19763301713235587,0.13386198957857157
20191014438,0.5808972236864953,0.2079157923251273,0.07602606169735086
20191014441,0.7902985152135585,0.17677204395699048,0.07194057893793387
20191014442,,,
20191014448,,,
20191014449,,,
20191014451,0.8609932741420299,0.2036123296333305,0.15470289340919152
20191014452,0.5066996180540334,0.289345121886158,0.16036267427598577
20191014456,,,
20191014458,0.7878770814976167,0.2015375080767822,0.1615389143043296
20191014459,,,
20191014462,0.47128005052763494,0.16665515246187337,0.11467603281194598
